gamma_0=1.666666667
rho_0=1e-05
U_0=0
P_0=3.848e+03

gamma_3=1.666666667
C_3=2.53248e+04
U_3=0
P_3=3.04e+09